0 818
1 818
2 822
3 829
4 842
5 842
6 842
7 848
8 843
9 851
10 841
11 839
12 840
13 831
14 846
15 843
16 847
17 852
18 841
19 846
20 855
21 859
22 873
23 875
24 885
25 880
26 858
27 863
28 858
29 863
30 881
31 888
32 889
33 886
34 878
35 880
36 871
37 864
38 861
39 850
40 842
41 832
42 845
43 834
44 816
45 813
46 819
47 824
48 827
49 822
50 807
51 814
52 807
53 802
54 800
55 800
56 800
57 801
58 817
59 827
60 802
61 805
62 808
63 807
64 810
65 815
66 810
67 800
68 804
69 796
70 804
71 810
72 807
73 811
74 811
75 809
76 816
77 814
78 800
79 802
80 800
81 801
82 808
83 808
84 804
85 817
86 823
87 818
88 823
89 831
90 855
91 868
92 880
93 879
94 883
95 877
96 871
97 865
98 846
99 837
100 828
101 827
102 817
103 825
104 844
105 854
106 845
107 838
108 848
109 849
110 844
111 848
112 860
113 869
114 880
115 901
116 904
117 919
118 946
119 955
120 942
121 931
122 930
123 916
124 911
125 900
126 889
127 879
128 871
129 867
130 859
131 851
132 846
133 845
134 862
135 874
136 878
137 882
138 861
139 861
140 874
141 867
142 877
143 875
144 871
145 871
146 878
147 879
148 879
149 889
150 879
151 890
152 882
153 877
154 872
155 877
156 869
157 883
158 869
159 863
160 873
161 864
162 868
163 875
164 866
165 867
166 879
167 880
168 878
169 871
170 873
171 878
172 881
173 876
174 885
175 882
176 875
177 883
178 882
179 883
180 884
181 885
182 892
183 897
184 898
185 891
186 889
187 886
188 892
189 898
190 898
191 905
192 897
193 907
194 889
195 893
196 907
197 910
198 912
199 906
200 902
201 909
202 920
203 923
204 916
205 915
206 924
207 926
208 922
209 917
210 924
211 925
212 912
213 913
214 913
215 925
216 929
217 938
218 939
219 940
220 953
221 977
222 1006
223 1041
224 1054
225 1084
226 1080
227 1052
228 1027
229 1007
230 949
231 931
232 938
233 936
234 920
235 915
236 922
237 926
238 930
239 944
240 932
241 958
242 978
243 979
244 979
245 981
246 979
247 971
248 978
249 973
250 965
251 966
252 971
253 986
254 975
255 992
256 985
257 988
258 992
259 1012
260 1027
261 1036
262 1057
263 1064
264 1068
265 1059
266 1054
267 1049
268 1049
269 1070
270 1102
271 1166
272 1223
273 1291
274 1330
275 1294
276 1195
277 1124
278 1101
279 1065
280 1032
281 1017
282 993
283 998
284 991
285 988
286 1006
287 1006
288 997
289 999
290 996
291 1000
292 986
293 994
294 1004
295 1003
296 1000
297 1007
298 1016
299 1009
300 1000
301 1010
302 1008
303 1000
304 995
305 998
306 1006
307 1004
308 1001
309 1003
310 997
311 994
312 993
313 992
314 1003
315 1008
316 1002
317 1002
318 992
319 995
320 1010
321 1013
322 999
323 1011
324 1030
325 1027
326 1022
327 1028
328 1043
329 1044
330 1044
331 1046
332 1064
333 1074
334 1086
335 1088
336 1096
337 1106
338 1108
339 1117
340 1127
341 1154
342 1160
343 1165
344 1202
345 1247
346 1318
347 1405
348 1559
349 1786
350 2100
351 2425
352 2673
353 2733
354 2619
355 2399
356 2168
357 2000
358 1898
359 1848
360 1800
361 1773
362 1779
363 1800
364 1803
365 1816
366 1840
367 1871
368 1913
369 1943
370 1974
371 2001
372 2032
373 2034
374 2032
375 2052
376 2071
377 2062
378 2049
379 2053
380 2058
381 2068
382 2065
383 2057
384 2054
385 2029
386 1996
387 1985
388 1977
389 1986
390 2010
391 2030
392 2063
393 2066
394 2080
395 2057
396 2002
397 1975
398 1947
399 1923
400 1909
401 1913
402 1925
403 1932
404 1951
405 1999
406 2043
407 2114
408 2174
409 2290
410 2380
411 2534
412 2705
413 2946
414 3220
415 3550
416 3971
417 4369
418 4656
419 4844
420 4935
421 5021
422 5152
423 5326
424 5629
425 5994
426 6506
427 7234
428 8792
429 11639
430 15595
431 18558
432 18775
433 15821
434 11681
435 8272
436 6173
437 4954
438 4180
439 3598
440 3122
441 2806
442 2549
443 2354
444 2177
445 2053
446 1949
447 1857
448 1772
449 1719
450 1666
451 1607
452 1559
453 1541
454 1500
455 1481
456 1464
457 1436
458 1432
459 1434
460 1425
461 1404
462 1388
463 1370
464 1355
465 1349
466 1369
467 1377
468 1388
469 1418
470 1482
471 1537
472 1564
473 1636
474 1720
475 1837
476 1967
477 2070
478 2167
479 2213
480 2185
481 2095
482 1995
483 1906
484 1819
485 1743
486 1674
487 1643
488 1630
489 1628
490 1650
491 1660
492 1665
493 1655
494 1648
495 1664
496 1716
497 1749
498 1825
499 1951
500 2129
501 2379
502 2722
503 3029
504 3195
505 3164
506 2974
507 2737
508 2530
509 2383
510 2320
511 2268
512 2238
513 2202
514 2178
515 2160
516 2134
517 2127
518 2127
519 2154
520 2212
521 2291
522 2375
523 2536
524 2833
525 3367
526 4012
527 4373
528 4215
529 3689
530 3177
531 2887
532 2784
533 2797
534 2864
535 2940
536 3000
537 3073
538 3160
539 3248
540 3311
541 3371
542 3409
543 3387
544 3309
545 3179
546 3033
547 2871
548 2699
549 2535
550 2380
551 2251
552 2226
553 2413
554 2718
555 2789
556 2680
557 2398
558 3440
559 5797
560 6132
561 5661
562 3132
563 1929
564 1770
565 1841
566 2441
567 5311
568 6105
569 5916
570 3958
571 1863
572 1473
573 1358
574 1307
575 1270
576 1237
577 1213
578 1198
579 1188
580 1186
581 1176
582 1152
583 1151
584 1166
585 1163
586 1167
587 1163
588 1163
589 1156
590 1135
591 1147
592 1143
593 1147
594 1176
595 1182
596 1179
597 1193
598 1201
599 1206
600 1228
601 1225
602 1224
603 1217
604 1250
605 1235
606 1238
607 1244
608 1246
609 1250
610 1264
611 1272
612 1259
613 1265
614 1277
615 1297
616 1300
617 1295
618 1332
619 1341
620 1339
621 1357
622 1367
623 1377
624 1401
625 1404
626 1425
627 1431
628 1455
629 1460
630 1469
631 1477
632 1492
633 1501
634 1514
635 1535
636 1539
637 1562
638 1595
639 1614
640 1648
641 1674
642 1686
643 1714
644 1756
645 1792
646 1828
647 1858
648 1900
649 1960
650 1997
651 2056
652 2128
653 2210
654 2276
655 2373
656 2496
657 2638
658 2791
659 2937
660 3088
661 3247
662 3413
663 3567
664 3763
665 3957
666 4158
667 4351
668 4579
669 4810
670 5083
671 5375
672 5731
673 6113
674 6488
675 6863
676 7285
677 7724
678 8191
679 8685
680 9157
681 9650
682 10091
683 10602
684 11226
685 11937
686 12856
687 15489
688 34313
689 45645
690 46590
691 42541
692 22469
693 15710
694 14978
695 14789
696 14839
697 14824
698 14767
699 14650
700 14615
701 14713
702 15152
703 16182
704 17741
705 19456
706 20594
707 20059
708 18115
709 15423
710 12598
711 10693
712 9435
713 8362
714 7303
715 6349
716 5592
717 5086
718 4785
719 4572
720 4410
721 4246
722 4053
723 3789
724 3495
725 3239
726 3023
727 2847
728 2715
729 2622
730 2550
731 2483
732 2448
733 2414
734 2372
735 2358
736 2393
737 2463
738 2496
739 2510
740 2493
741 2391
742 2320
743 2279
744 2226
745 2209
746 2196
747 2196
748 2207
749 2228
750 2228
751 2222
752 2241
753 2249
754 2236
755 2251
756 2258
757 2284
758 2281
759 2303
760 2309
761 2327
762 2334
763 2354
764 2348
765 2360
766 2383
767 2388
768 2409
769 2418
770 2431
771 2442
772 2459
773 2469
774 2482
775 2494
776 2514
777 2528
778 2539
779 2556
780 2556
781 2571
782 2586
783 2615
784 2611
785 2630
786 2638
787 2653
788 2676
789 2704
790 2719
791 2735
792 2734
793 2756
794 2779
795 2798
796 2816
797 2829
798 2826
799 2854
800 2878
801 2883
802 2903
803 2933
804 2945
805 2950
806 2963
807 2981
808 2993
809 3014
810 3016
811 3018
812 3036
813 3057
814 3067
815 3066
816 3075
817 3089
818 3110
819 3109
820 3094
821 3084
822 3111
823 3098
824 3089
825 3093
826 3084
827 3078
828 3071
829 3060
830 3050
831 3045
832 3028
833 3024
834 2980
835 2958
836 2959
837 2937
838 2922
839 2916
840 2911
841 2894
842 2871
843 2874
844 2851
845 2842
846 2835
847 2830
848 2815
849 2806
850 2802
851 2801
852 2794
853 2796
854 2801
855 2800
856 2800
857 2821
858 2818
859 2826
860 2848
861 2864
862 2887
863 2905
864 2925
865 2946
866 3000
867 3036
868 3048
869 3095
870 3135
871 3187
872 3212
873 3267
874 3329
875 3386
876 3435
877 3495
878 3547
879 3605
880 3644
881 3682
882 3750
883 3796
884 3823
885 3878
886 3932
887 3996
888 4070
889 4133
890 4230
891 4289
892 4343
893 4422
894 4496
895 4577
896 4672
897 4747
898 4838
899 5028
900 5124
901 5213
902 5247
903 5224
904 5211
905 5268
906 5359
907 5469
908 5600
909 5701
910 5872
911 5988
912 6172
913 6330
914 6486
915 6630
916 6764
917 6858
918 6920
919 6978
920 6975
921 6917
922 6742
923 6545
924 6299
925 6016
926 5750
927 5536
928 5336
929 5162
930 4958
931 4792
932 4646
933 4488
934 4355
935 4225
936 4101
937 4006
938 3910
939 3836
940 3782
941 3733
942 3697
943 3670
944 3640
945 3625
946 3630
947 3627
948 3609
949 3594
950 3603
951 3610
952 3611
953 3620
954 3612
955 3634
956 3654
957 3672
958 3694
959 3701
960 3708
961 3734
962 3741
963 3761
964 3780
965 3796
966 3804
967 3833
968 3855
969 3884
970 3915
971 3938
972 3940
973 3953
974 3989
975 4005
976 4034
977 4057
978 4095
979 4119
980 4114
981 4145
982 4176
983 4192
984 4222
985 4260
986 4265
987 4278
988 4299
989 4324
990 4349
991 4369
992 4376
993 4396
994 4417
995 4446
996 4464
997 4471
998 4517
999 4555
1000 4557
1001 4554
1002 4558
1003 4559
1004 4596
1005 4633
1006 4703
1007 4724
1008 4720
1009 4737
1010 4747
1011 4753
1012 4773
1013 4790
1014 4807
1015 4819
1016 4832
1017 4828
1018 4853
1019 4873
1020 4883
1021 4893
1022 4905
1023 4910
1024 4939
1025 4938
1026 4933
1027 4958
1028 4972
1029 4988
1030 5005
1031 5017
1032 5027
1033 5044
1034 5076
1035 5086
1036 5089
1037 5089
1038 5138
1039 5142
1040 5141
1041 5160
1042 5174
1043 5170
1044 5189
1045 5195
1046 5205
1047 5215
1048 5203
1049 5206
1050 5209
1051 5213
1052 5201
1053 5202
1054 5201
1055 5194
1056 5202
1057 5193
1058 5175
1059 5164
1060 5136
1061 5117
1062 5081
1063 5074
1064 5065
1065 5058
1066 5029
1067 5006
1068 4999
1069 4975
1070 4958
1071 4953
1072 4941
1073 4926
1074 4886
1075 4881
1076 4840
1077 4801
1078 4820
1079 4810
1080 4791
1081 4775
1082 4775
1083 4753
1084 4751
1085 4738
1086 4721
1087 4704
1088 4687
1089 4686
1090 4680
1091 4649
1092 4643
1093 4643
1094 4607
1095 4607
1096 4608
1097 4585
1098 4592
1099 4592
1100 4573
1101 4564
1102 4548
1103 4573
1104 4618
1105 4631
1106 4690
1107 4798
1108 5125
1109 6142
1110 8726
1111 13850
1112 21139
1113 28326
1114 31693
1115 30666
1116 26472
1117 18281
1118 9443
1119 5950
1120 4999
1121 4593
1122 4319
1123 4135
1124 3985
1125 3860
1126 3763
1127 3717
1128 3645
1129 3584
1130 3527
1131 3485
1132 3430
1133 3395
1134 3344
1135 3302
1136 3248
1137 3216
1138 3152
1139 3114
1140 3086
1141 3043
1142 2999
1143 2969
1144 2920
1145 2892
1146 2838
1147 2795
1148 2775
1149 2736
1150 2696
1151 2658
1152 2624
1153 2590
1154 2543
1155 2497
1156 2473
1157 2451
1158 2398
1159 2369
1160 2327
1161 2309
1162 2267
1163 2242
1164 2210
1165 2170
1166 2143
1167 2122
1168 2103
1169 2076
1170 2037
1171 2004
1172 1986
1173 1968
1174 1936
1175 1916
1176 1899
1177 1871
1178 1872
1179 1854
1180 1786
1181 1758
1182 1743
1183 1723
1184 1698
1185 1678
1186 1648
1187 1623
1188 1595
1189 1575
1190 1554
1191 1532
1192 1508
1193 1479
1194 1468
1195 1446
1196 1426
1197 1404
1198 1376
1199 1361
1200 1361
1201 1343
1202 1318
1203 1310
1204 1284
1205 1269
1206 1260
1207 1252
1208 1234
1209 1231
1210 1227
1211 1223
1212 1228
1213 1243
1214 1251
1215 1260
1216 1262
1217 1265
1218 1268
1219 1291
1220 1343
1221 1418
1222 1524
1223 1624
1224 1663
1225 1727
1226 1809
1227 1873
1228 1921
1229 1943
1230 1972
1231 2037
1232 2079
1233 2102
1234 2042
1235 1900
1236 1700
1237 1446
1238 1202
1239 1080
1240 1024
1241 999
1242 984
1243 976
1244 978
1245 973
1246 959
1247 954
1248 936
1249 938
1250 940
1251 944
1252 931
1253 932
1254 929
1255 928
1256 926
1257 921
1258 926
1259 926
1260 914
1261 919
1262 916
1263 909
1264 901
1265 906
1266 916
1267 914
1268 902
1269 901
1270 909
1271 902
1272 900
1273 897
1274 892
1275 901
1276 901
1277 902
1278 891
1279 899
